1,89,474,2024-06-08
2,200,172,2025-04-06
3,159,682,2025-01-08
4,482,223,2025-04-04
5,361,327,2024-11-03
6,132,903,2024-06-13
7,81,30,2024-07-14
8,24,437,2025-03-01
9,75,19,2024-09-11
10,26,696,2024-09-07
11,290,377,2024-12-17
12,299,560,2024-08-19
13,273,440,2025-01-10
14,304,605,2025-01-18
15,499,121,2025-04-09
16,471,560,2024-10-19
17,178,904,2025-02-06
18,266,945,2025-05-04
19,388,967,2025-03-11
20,137,25,2024-12-27
21,152,573,2024-11-07
22,39,804,2025-04-19
23,196,425,2024-10-11
24,61,857,2025-02-15
25,285,672,2025-04-20
26,71,446,2024-11-18
27,444,845,2025-05-10
28,336,411,2025-02-25
29,175,222,2025-04-22
30,190,189,2024-12-20
31,407,53,2025-05-14
32,110,773,2024-11-07
33,358,249,2025-02-16
34,140,383,2025-03-13
35,334,1000,2025-01-17
36,150,818,2024-10-13
37,193,350,2024-05-26
38,470,794,2024-11-15
39,393,45,2025-04-25
40,400,486,2024-07-12
41,222,189,2025-03-21
42,171,165,2025-01-10
43,260,836,2024-08-01
44,377,95,2024-10-23
45,200,545,2025-02-10
46,24,657,2024-10-28
47,120,801,2024-07-11
48,313,714,2025-05-11
49,56,26,2024-10-02
50,231,115,2024-12-22
51,253,713,2025-03-13
52,63,199,2025-05-20
53,333,884,2024-07-09
54,136,301,2025-04-01
55,116,293,2024-09-05
56,202,481,2024-06-18
57,437,675,2024-07-03
58,415,937,2024-08-17
59,392,127,2024-11-04
60,262,26,2025-04-17
61,16,440,2024-07-15
62,217,970,2024-07-19
63,98,433,2024-08-12
64,388,798,2024-10-03
65,121,161,2024-08-02
66,304,800,2024-09-13
67,51,435,2025-04-24
68,87,164,2024-09-24
69,473,359,2024-12-26
70,128,644,2025-01-13
71,389,391,2025-03-27
72,35,202,2024-10-24
73,384,876,2024-07-18
74,349,168,2025-02-01
75,326,632,2024-08-16
76,259,192,2024-06-14
77,69,322,2024-07-24
78,143,405,2025-03-22
79,136,171,2024-10-21
80,360,455,2025-01-07
81,213,872,2025-05-22
82,347,103,2025-02-28
83,119,596,2025-05-19
84,199,409,2025-01-18
85,13,962,2025-01-04
86,332,331,2024-09-25
87,199,415,2024-10-14
88,10,49,2025-01-08
89,124,476,2025-04-25
90,81,368,2024-05-31
91,279,539,2024-12-22
92,303,508,2024-10-10
93,476,829,2025-04-12
94,164,268,2024-08-24
95,259,977,2025-04-12
96,294,37,2025-02-20
97,377,743,2024-08-18
98,353,569,2024-07-22
99,228,80,2025-03-25
100,419,772,2024-12-12
101,229,582,2024-06-25
102,221,299,2024-12-30
103,66,589,2025-05-06
104,302,886,2024-11-01
105,402,663,2024-09-21
106,207,140,2024-11-07
107,89,632,2024-07-25
108,136,760,2025-03-22
109,459,435,2024-09-10
110,456,964,2025-03-11
111,43,379,2025-03-04
112,193,170,2025-01-10
113,291,785,2024-10-10
114,159,466,2024-09-23
115,54,664,2024-09-01
116,142,60,2025-05-03
117,358,76,2024-09-10
118,49,912,2024-07-20
119,407,315,2025-02-05
120,318,533,2024-10-12
121,393,327,2024-06-24
122,176,909,2025-01-13
123,228,363,2024-05-31
124,282,182,2025-05-05
125,247,501,2024-08-04
126,419,935,2025-04-26
127,199,802,2024-06-22
128,271,881,2025-02-23
129,349,575,2025-03-29
130,433,854,2024-07-13
131,115,727,2024-12-26
132,41,848,2025-05-23
133,252,903,2024-08-04
134,350,772,2024-06-29
135,407,871,2024-08-11
136,90,16,2025-01-20
137,368,513,2025-04-02
138,385,973,2025-01-31
139,102,968,2025-04-01
140,15,979,2024-09-23
141,178,865,2024-08-06
142,382,847,2024-08-16
143,246,136,2025-03-10
144,71,939,2025-01-07
145,217,538,2024-11-13
146,207,175,2024-10-15
147,190,442,2025-04-17
148,228,635,2025-01-24
149,236,296,2024-07-24
150,394,547,2024-10-26
151,124,768,2025-02-15
152,425,174,2024-08-18
153,451,694,2024-09-28
154,497,656,2025-01-22
155,58,581,2024-07-29
156,103,3,2025-03-09
157,346,322,2025-03-22
158,500,639,2025-04-15
159,75,656,2024-11-25
160,388,410,2024-06-03
161,457,435,2025-03-20
162,43,123,2024-08-30
163,241,668,2024-06-24
164,284,999,2025-04-04
165,243,954,2024-07-26
166,471,181,2024-08-13
167,144,370,2024-06-09
168,455,769,2025-01-30
169,151,5,2024-10-05
170,264,577,2025-02-14
171,159,165,2024-10-06
172,201,57,2024-09-28
173,243,764,2024-12-27
174,274,855,2025-05-22
175,344,432,2024-06-30
176,481,126,2025-03-17
177,39,985,2025-05-16
178,101,432,2025-05-21
179,307,988,2024-10-26
180,34,924,2025-01-27
181,76,401,2025-03-22
182,256,891,2024-12-27
183,178,946,2024-08-26
184,79,878,2025-03-15
185,125,903,2024-09-06
186,383,342,2024-10-10
187,199,159,2024-11-14
188,468,915,2024-09-01
189,324,456,2024-12-12
190,58,128,2024-09-22
191,123,108,2024-12-14
192,371,478,2024-09-14
193,360,138,2025-04-24
194,345,782,2024-07-11
195,68,314,2024-06-03
196,1,834,2025-02-01
197,493,583,2025-04-22
198,401,479,2025-05-06
199,41,867,2024-08-23
200,66,809,2024-10-12
201,470,43,2024-11-09
202,320,582,2025-02-23
203,367,527,2024-09-04
204,451,890,2024-10-22
205,127,841,2024-09-10
206,432,520,2024-09-16
207,239,236,2025-05-01
208,342,324,2024-12-28
209,293,801,2025-05-10
210,338,22,2024-09-12
211,470,867,2024-11-16
212,115,343,2025-04-09
213,449,18,2024-12-21
214,138,27,2024-12-05
215,180,652,2024-11-26
216,478,777,2024-09-07
217,438,180,2024-12-09
218,343,959,2024-06-21
219,99,777,2024-12-19
220,471,642,2025-01-15
221,281,967,2024-08-16
222,366,565,2024-08-17
223,446,282,2024-12-20
224,121,757,2025-03-08
225,427,365,2025-03-19
226,473,127,2024-11-03
227,257,942,2025-03-14
228,57,141,2024-08-07
229,208,489,2024-06-19
230,446,820,2025-04-12
231,462,737,2024-06-07
232,121,738,2024-07-23
233,168,87,2025-02-28
234,462,72,2025-02-24
235,22,392,2024-07-05
236,212,53,2024-11-26
237,492,157,2024-08-21
238,321,392,2025-01-22
239,60,857,2024-10-09
240,244,218,2025-05-09
241,34,607,2025-02-14
242,168,783,2024-11-04
243,347,447,2024-12-10
244,330,51,2024-10-16
245,362,347,2024-09-04
246,440,875,2024-05-26
247,386,25,2025-05-20
248,30,353,2025-04-07
249,308,402,2024-05-29
250,378,137,2024-12-20
251,394,773,2024-10-23
252,326,278,2025-03-11
253,411,808,2025-04-30
254,408,450,2024-08-16
255,5,320,2025-02-16
256,423,392,2024-07-24
257,235,721,2025-04-01
258,149,187,2024-10-12
259,40,214,2024-11-11
260,157,581,2025-02-26
261,366,777,2024-08-31
262,157,182,2024-08-04
263,92,797,2024-11-25
264,406,326,2024-08-28
265,433,345,2024-09-26
266,117,162,2025-03-21
267,270,314,2025-03-05
268,313,249,2025-04-03
269,388,836,2024-06-08
270,190,880,2024-12-14
271,287,768,2025-04-20
272,76,639,2024-08-29
273,471,562,2025-02-20
274,343,308,2024-09-01
275,441,714,2024-11-06
276,218,834,2024-07-17
277,293,347,2025-05-20
278,160,353,2024-07-30
279,77,374,2025-01-20
280,10,705,2024-06-01
281,319,186,2024-11-22
282,30,849,2024-09-21
283,444,609,2024-11-17
284,169,779,2024-05-28
285,473,689,2024-12-22
286,181,972,2024-08-15
287,142,48,2024-10-10
288,175,325,2024-12-12
289,266,398,2024-11-19
290,357,890,2025-04-07
291,62,58,2025-04-08
292,346,608,2025-04-27
293,437,421,2024-10-07
294,63,117,2025-03-01
295,175,803,2025-03-06
296,97,52,2025-01-28
297,312,778,2025-03-05
298,50,786,2025-02-09
299,422,782,2024-08-02
300,332,564,2025-02-06
301,159,866,2025-03-27
302,92,542,2025-02-23
303,129,700,2024-11-12
304,59,161,2025-01-22
305,299,765,2025-03-19
306,301,204,2024-09-20
307,86,861,2025-02-16
308,448,483,2024-09-23
309,56,489,2024-10-16
310,470,767,2024-11-28
311,68,264,2025-02-19
312,103,868,2024-06-19
313,443,837,2024-07-02
314,479,779,2025-03-26
315,500,992,2024-07-26
316,387,300,2024-08-09
317,478,625,2024-08-11
318,236,23,2025-03-04
319,317,644,2025-03-31
320,213,101,2024-10-08
321,241,833,2024-07-31
322,81,858,2025-03-23
323,165,821,2024-11-11
324,54,631,2025-01-12
325,414,29,2025-04-29
326,163,311,2024-08-03
327,126,109,2024-09-20
328,9,145,2024-05-31
329,196,957,2025-03-14
330,224,92,2025-03-08
331,451,546,2024-07-12
332,362,303,2024-07-17
333,292,630,2025-01-26
334,414,713,2025-02-26
335,143,543,2025-04-05
336,37,127,2025-03-30
337,265,190,2025-01-19
338,399,107,2024-12-26
339,123,822,2025-05-21
340,322,118,2024-09-02
341,71,700,2024-05-28
342,120,927,2024-06-01
343,330,311,2024-12-03
344,295,40,2024-12-24
345,176,398,2025-04-20
346,105,65,2024-06-16
347,410,803,2025-05-09
348,315,110,2025-02-04
349,285,342,2025-05-02
350,428,266,2024-06-01
351,257,747,2025-05-06
352,199,75,2024-07-14
353,450,432,2024-11-05
354,352,608,2024-09-13
355,435,567,2024-11-04
356,438,419,2024-11-13
357,276,54,2024-10-27
358,274,379,2024-07-21
359,222,52,2025-03-16
360,465,114,2024-10-11
361,217,829,2024-11-06
362,190,266,2024-11-02
363,473,164,2025-04-05
364,22,699,2025-05-05
365,94,615,2024-09-27
366,124,596,2024-07-08
367,305,731,2025-01-31
368,220,271,2024-08-21
369,91,576,2024-12-11
370,456,392,2025-03-09
371,53,492,2024-06-29
372,172,636,2024-08-17
373,451,770,2024-10-05
374,492,601,2024-08-17
375,274,986,2025-05-02
376,342,191,2025-01-07
377,364,14,2024-11-21
378,498,908,2024-06-23
379,490,794,2024-12-12
380,242,841,2024-12-10
381,195,965,2024-10-24
382,109,131,2024-08-28
383,249,52,2024-09-14
384,296,376,2024-09-13
385,175,58,2024-11-10
386,154,9,2025-03-10
387,232,763,2025-03-08
388,469,936,2025-05-17
389,482,253,2025-04-22
390,352,306,2024-10-27
391,198,539,2024-10-23
392,359,243,2024-12-06
393,437,162,2024-07-23
394,406,943,2024-06-07
395,445,362,2024-11-04
396,340,483,2025-02-19
397,362,296,2025-02-17
398,200,443,2024-06-15
399,332,694,2025-04-19
400,61,243,2024-06-04
401,330,892,2024-11-03
402,184,196,2025-05-11
403,144,123,2025-01-07
404,212,892,2025-03-14
405,324,760,2025-03-30
406,329,329,2024-05-28
407,321,540,2024-11-08
408,421,864,2025-01-11
409,204,223,2025-03-06
410,369,130,2024-09-15
411,370,69,2025-01-28
412,244,337,2024-11-02
413,492,539,2025-05-18
414,57,894,2024-10-16
415,447,390,2024-11-27
416,167,103,2024-07-31
417,355,283,2024-09-10
418,106,848,2025-05-01
419,135,212,2025-01-21
420,291,655,2025-02-21
421,407,450,2025-02-02
422,47,695,2025-01-01
423,418,854,2024-08-17
424,18,229,2024-12-26
425,49,933,2024-10-07
426,281,609,2024-05-29
427,467,227,2025-02-11
428,189,440,2025-04-18
429,485,820,2025-01-16
430,183,584,2025-05-19
431,273,973,2024-09-16
432,104,747,2025-02-10
433,21,277,2024-06-11
434,439,168,2024-07-17
435,55,753,2025-02-14
436,256,23,2025-04-09
437,121,761,2024-12-07
438,21,23,2024-10-14
439,123,315,2024-10-10
440,5,16,2024-09-09
441,64,570,2025-03-02
442,274,688,2025-03-14
443,383,55,2024-09-28
444,183,998,2024-12-10
445,373,856,2025-04-02
446,90,730,2025-03-15
447,421,209,2024-06-29
448,42,728,2025-05-15
449,423,321,2025-01-14
450,97,682,2024-07-17
451,50,430,2025-01-25
452,168,7,2025-03-03
453,403,619,2025-03-01
454,219,172,2024-08-17
455,385,393,2024-11-14
456,340,895,2024-11-16
457,204,491,2024-06-03
458,20,972,2025-03-23
459,102,898,2025-03-26
460,50,14,2025-02-28
461,5,649,2024-09-11
462,490,258,2024-12-04
463,401,350,2024-07-15
464,117,5,2025-04-20
465,180,227,2025-03-08
466,5,586,2024-08-28
467,243,231,2025-04-08
468,312,26,2025-01-19
469,113,516,2024-12-28
470,272,831,2024-07-14
471,129,863,2024-10-13
472,24,707,2025-01-17
473,326,592,2025-01-24
474,3,850,2024-08-14
475,279,230,2025-04-12
476,400,105,2024-10-17
477,59,854,2025-03-18
478,54,568,2024-09-10
479,367,752,2024-10-11
480,257,852,2024-12-05
481,480,593,2024-12-22
482,478,134,2024-12-26
483,94,565,2024-10-23
484,59,369,2024-08-28
485,171,245,2024-09-11
486,177,419,2024-09-11
487,321,216,2024-11-03
488,370,59,2024-12-15
489,195,987,2025-03-21
490,460,264,2024-08-13
491,281,115,2025-04-17
492,406,786,2024-12-24
493,348,494,2024-09-17
494,326,329,2025-02-07
495,417,897,2024-06-16
496,188,496,2024-07-05
497,259,724,2024-11-26
498,119,107,2024-07-22
499,212,343,2025-01-30
500,268,484,2025-01-30